Forma 0
------------------------------------------------------------------------------------------------------------------------------
Karolay:
1.  [-0.26872384  0.76973611  1.77235538  5.02709465  3.98451429  7.08315335  2.78820963  9.5  6.01743586  8.32622457] OK
2.  [-0.37526972  1.86641036  0.71881624  5.06899202  2.9151785   7.18347721  3.88844385  9.5  5.99015233  8.24379921] OK
3.  [ 1.75760362 -0.34120243  3.93587108  6.04497293  3.97792196  4.98642007  0.77119422  9.5  6.05596039  8.31125816] OK
4.  [ 1.75965239 -0.29396565  2.84692541  6.04045399  3.99007316  6.01069661  0.77391019  9.5  6.06653693  8.30571696] OK
5.  [-0.35081446  0.79325128  1.78429027  5.02326351  3.92893078  7.15684767  2.88832284  9.5  6.00148251  8.27442560] OK
6.  [-0.34209681  1.81926612  0.75484224  5.01590315  3.92977663  7.15936274  2.87616386  9.5  5.98974409  8.29703800] OK
7.  [-0.31619216  0.76011419  1.80533631  5.02827594  3.94615986  7.10495609  2.8390303   9.5  6.00067301  8.33164644] OK
8.  [-0.33745175  0.72891819  1.83768515  5.05529174  3.96618749  7.08797112  2.83192496  9.5  6.03311341  8.29635968] OK
9.  [-0.33993287  0.73661676  1.84603935  5.04640789  3.95160248  7.11318952  2.85407639  9.5  6.02776472  8.26423577] OK
10. [-0.34284391  0.72472208  1.87005328  5.06503083  3.94176399  7.10410218  2.8632273   9.5  6.04565001  8.22829424] OK

Carlos:
1.  [ 1.86247989 -0.40603948  3.88588607  6.0642966   5.03893139  2.86546491  0.6342439   8.5  7.10702704  9.44770968] NOT OK
2.  [ 0.6324156   3.97760451 -0.45016032  5.0372543   3.96769486  7.11377589  1.82116814  8.5  5.03368966  9.36655736] NOT OK
3.  [ 1.79658378  0.78901218  1.74913095  6.03324382  3.91395584  6.03961374  0.81191432  9.5  7.27463114  7.09191425] OK
4.  [-0.38882866  1.80211356  0.73767046  5.05722662  3.93081447  7.15228773  2.88370205  9.5  5.99981456  8.32519920] OK
5.  [ 0.70176054 -0.31600748  2.88949353  6.04963581  3.94837368  6.04298894  1.80950391  8.5  6.01752645  9.35672460] NOT OK
6.  [-0.29526269  0.75836863  1.75901266  6.05159054  3.96804058  6.05494586  2.79252321  8.5  6.02683786  9.38394335] NOT OK
7.  [ 1.78559533 -0.3437259   2.83510636  6.05164644  5.02028741  4.95783333  0.70998235  8.5  6.08764916  9.39562551] NOT OK
8.  [-0.37617618  0.75456512  1.80622509  5.07794347  3.92295367  7.12218753  2.88704262  9.5  6.01183967  8.29341903] OK
9.  [ 0.69312204 -0.28097337  1.82429615  6.06763849  3.96608053  6.04526683  2.81223791  8.5  6.04130201  9.3310294 ] NOT OK
10. [-0.38112776  1.7906891   0.76207935  5.03932727  3.93871173  7.15965607  3.89855447  9.5  5.0010279   8.29108187] OK

Andrés:
1.  [-0.42798414  1.823389    0.67541192  5.0145436   2.88209695  7.23893707  4.90566139  9.5  4.98699311  8.40095110] OK
2.  [-0.38894817  1.76629375  0.71640858  5.00964951  2.91089354  7.19303533  3.85680055  8.5  6.00754095  9.42832595] NOT OK
3.  [-0.43878933  1.858913    0.65059623  5.0233125   2.886643    7.22525882  4.92195171  9.5  4.98535284  8.38676121] OK
4.  [-0.42660502  1.8567398   0.63297283  5.00967053  2.90122728  7.21123967  4.89295111  8.5  4.99587425  9.42592955] NOT OK
5.  [-0.45791721  2.87613405  0.61345811  5.01361997  2.88239982  7.24018015  4.91451981  8.5  3.98799436  9.42961094] NOT OK
6.  [-0.34043307  1.86090306  0.68536406  5.01042349  3.95172297  7.13739389  2.89016588  9.5  6.04519075  8.25926898] OK
7.  [-0.35168607  1.85856742  0.68728404  5.04209423  3.94694439  7.12545592  2.88322987  9.5  6.05309831  8.25501188] OK
8.  [-0.35156084  1.79676441  0.74386475  5.03042527  3.94543103  7.13088736  2.90310611  9.5  6.07386522  8.22721668] OK
9.  [-0.36331982  1.82230719  0.70834628  5.03712341  3.95862609  7.13744606  2.8924607   9.5  6.0831196   8.2238905 ] OK
10. [-0.32436915  0.77118554  1.73669297  5.01372563  3.91819461  7.09301278  2.84592937  8.5  5.9925317   9.45309655] NOT OK

Dayan: 
1.  [ 2.94459472 -0.42529623  3.91765204  4.9992439   6.06347714  1.83507573  0.63563194  8.5  7.14222178  9.38739897] NOT OK
2.  [-0.32547735  2.83055867  0.67486037  5.00339105  3.98272915  7.12297961  1.82315312  8.5  6.0400385   9.34776688] NOT OK
3.  [-0.3749787   2.88434402  0.63504492  5.03588879  3.96987996  7.14248886  1.85500191  9.5  6.03576279  8.31656746] OK
4.  [-0.39363537  1.83162415  0.68492034  5.02928451  3.95271519  7.15913961  2.8960837   9.5  6.0359574   8.30391047] OK
5.  [-0.40906829  1.842685    0.69040994  5.03198237  2.94641923  7.18923053  4.92590693  9.5  5.03969896  8.24273533] OK
6.  [-0.42295298  1.85056252  0.68497664  5.03585471  2.93938297  7.19741243  4.9424128   9.5  5.04109117  8.23125974] OK
7.  [-0.38885645  1.88029729  0.65689754  5.01238148  2.92312961  7.18385223  4.8953238   9.5  5.00393073  8.33304377] OK
8.  [-0.38518764  1.88034767  0.64081549  4.97681617  3.94779316  7.20535109  3.88749977  9.5  5.01584967  8.33071462] OK
9.  [-0.38768801  2.90905224  0.61740542  4.98174439  3.95439244  7.19957297  2.8820949   9.5  5.01316526  8.33026038] OK
10. [-0.40009345  1.78423692  0.7409324   5.03080724  2.91945083  7.17001166  4.92463496  9.5  5.03115486  8.29886458] OK

Jorge:
1.  [-0.35779905  0.75092425  1.8356389   5.04760405  2.90577519  7.14917862  3.89874606  9.5  5.99829252  8.27163947] OK
2.  [-0.38891694  0.75068392  1.82166862  5.04315124  2.89338231  7.18773165  4.91385086  9.5  4.98297351  8.29547482] OK
3.  [-0.33670133  0.71669982  2.8831805   5.0429888   2.91365239  7.12377321  2.87944221  9.5  6.01081296  8.26615145] OK
4.  [-0.34660374  0.73713294  1.83891826  5.0530477   3.91507571  7.13052186  2.86981775  9.5  6.00469235  8.29739718] OK
5.  [-0.4575811   1.79913118  0.7447822   4.05199417  2.83222769  7.29489823  5.96552311  9.5  4.95312253  8.31590199] OK
6.  [-0.45511611  1.80480325  0.74514963  4.04844018  2.82619514  7.29890288  5.97351692  9.5  4.9439519   8.31415622] OK
7.  [-0.45479853  1.82713148  0.71787242  4.04508984  2.83012098  7.29600169  5.96249239  9.5  4.94557266  8.33051707] OK
8.  [-0.45324657  1.82318     0.72194716  4.04473776  2.83069393  7.29463104  5.96164703  9.5  4.94542017  8.33098947] OK
9.  [-0.45205979  1.80427427  0.73979901  4.04506971  2.83104637  7.2917799   5.96363394  9.5  4.94523245  8.33122414] OK
10. [-0.45546776  2.85346051  0.67139339  5.03371145  2.8385674   7.27733037  4.92133828  9.5  3.9365547   8.42311165] OK

Forma 1
------------------------------------------------------------------------------------------------------------------------------
Karolay:
1.  [ 0.69261294 -0.33955371  7.03476104  5.02214416  7.11309097  2.97769238  7.03813014  4.08815163  9.5  1.87297046] OK
2.  [ 1.84754775 -0.2228669   0.86777358  7.02646804  8.18881465  3.91053499  2.92508346  6.05827727  9.5  4.89836717] OK
3.  [ 4.97513398 -0.32794645  1.82251807  3.94630662  7.14307517  2.88522039  0.76676625  8.33293263  9.5  5.95599333] OK
4.  [ 0.54031758 -0.5  8.16842817  4.01094306  1.99671606  7.18917126  2.92389253  6.23918412  9.41795256  5.01339466] NOT OK
5.  [ 8.22877031  0.71740336  2.86143947  6.19684367  7.29196715  1.68418186 -0.40706446  4.97136897  9.5  3.95508966] OK
6.  [-0.44035218  0.59205758  2.96589074  7.12273861  4.04009302  6.1104671  4.99902831  8.29780195  9.5   1.81227487] OK
7.  [-0.4505238   0.62806211  2.95509004  8.16229828  4.0269026   6.11083227  6.0458374   6.23879575  9.5  1.78270535] OK
8.  [ 0.77530351 -0.38150032  5.01918682  7.09316782  8.16699271  2.85303836  1.88325463  6.14577769  9.5  3.94477877] OK
9.  [ 2.82011665 -0.35589621  4.99981427  7.07001015  8.18276557  1.84776127  0.87807733  6.11017549  9.5  3.94717548] OK
10. [ 0.67337331 -0.44099202  8.17709356  6.05108362  7.11857131  2.91723692  2.96078737  5.15510287  9.5  2.88774305] OK

Carlos:
1.  [ 6.06457876  3.85378006  1.84578022  8.25307173  7.21504729  0.79793541 -0.28756664  4.97508525  9.5  2.78228792] OK
2.  [ 6.03170842  1.83192564  2.87409685  8.25295076  7.21206016  1.80467318 -0.27119367  4.97175561  9.5  2.79202305] OK
3.  [ 6.03170842  1.83192564  2.87409685  8.25295076  7.21206016  1.80467318 -0.27119367  4.97175561  9.5  2.79202305] OK
4.  [ 1.89543506  7.09544712 -0.38247752  8.23388642  6.08769527  2.83684817  1.85945831  5.01455976  9.5  2.8591474 ] OK
5.  [ 4.96654111  6.01744894 -0.33137677  8.27739275  7.1344617   1.76729916  0.80333283  3.97493551  9.5  2.88996476] OK
6.  [ 4.93489778  5.98873946 -0.2922629   8.27078477  7.11816245  1.78791563  0.84232442  3.9801046   9.5  2.8693338 ] OK
7.  [ 2.90262357 -0.47011309  3.94839425  7.23726605  8.34551282  1.7026435  0.5819881   5.05465867  9.5   6.19702613] OK
8.  [ 6.01110116  0.75606558  2.82571477  7.09410322  8.33629799  1.78473372 -0.28860176  3.9271096   9.5  5.05347571] OK
9.  [ 5.99948786  0.78996792  2.79957329  7.08873857  8.33585015  1.81179682 -0.28147944  3.92624865  9.5  5.02981617] OK
10. [ 1.70909547 -0.5  4.02779908  7.22397129  8.23854339  2.83307177  0.67961809  5.13256148  9.42797853  6.22736089] NOT OK

Andrés:
1.  [-0.3248308   0.75746718  1.86184719  7.12645336  3.98049471  4.99632814  8.1302069   6.13187764  9.5  2.84015567] OK
2.  [ 0.6948917  -0.44982668  4.02522966  6.12789389  6.12114828  2.86259902  1.85136603  7.2116253   9.5  7.05507282] OK
3.  [ 6.00860339 -0.29188134  2.87514323  5.05016191  8.18413409  1.77515633  0.80462263  5.06487305  9.5  6.02918670] OK
4.  [-0.31015471  0.80292445  1.81213462  6.04935724  3.97619654  5.03669449  7.07029742  8.2852857   9.5  2.77726425] OK
5.  [-0.31535595  0.80586956  1.80846822  6.05714226  3.97855631  5.04139910  7.06765246  8.28663559  9.5  2.76963245] OK
6.  [ 4.92907676  2.88252349 -0.20161557  8.11147338  7.09473736  3.87375734  1.88255539  6.11487747  9.5  0.81261438] OK
7.  [ 3.92387708  2.87563781 -0.19412203  8.11519678  7.09807289  4.87558503  1.88023022  6.11829293  9.5  0.80722929] OK
8.  [ 4.93265101  2.88046114 -0.1947932   8.11989763  7.10342277  3.87103900  1.87164025  6.11217434  9.5  0.80350707] OK
9.  [ 4.93769467  2.88530588 -0.19615628  8.12190065  7.10960837  3.87062336  1.86508724  6.10901635  9.5  0.79691975] OK
10. [ 4.92360837  0.84115906 -0.1937856   7.06608048  8.10762936  3.91394772  1.90588842  6.08453471  9.5  2.85093747] OK

Dayan:
1.  [ 8.24339285  3.84119401  1.78820104  6.14098422  7.20426747  0.71237184 -0.26798632  3.9240877   9.5  3.91348719] OK
2.  [ 0.71087645 -0.26911086  2.92893713  8.24244126  7.07770835  3.93076023  4.95428347  6.11101763  9.5  1.81308634] OK
3.  [-0.28417188  0.7367163   2.91188421  8.24980578  7.0919258   4.92267226  3.94443228  6.09315283  9.5  1.83358242] OK
4.  [ 2.81453552 -0.5  9.26214459  6.13591774  7.17104565  1.78174489  0.70432354  5.16594523  8.38128535  4.08305749] NOT OK
5.  [ 2.82614106 -0.5  9.25590708  6.13790779  7.17966466  1.78269948  0.68935445  5.17696925  8.37201012  4.07934609] NOT OK
6.  [ 2.85525595 -0.5  9.25956028  6.14207503  7.18308667  1.77173901  0.67964474  5.17336142  8.38416816  4.05110873] NOT OK
7.  [-0.5  0.71224379  1.78794277  9.39978645  5.11113498  5.01510478  2.80276447  5.18592079  8.28181427  7.2032877 ] NOT OK
8.  [-0.5  0.6919364   1.82795247  9.3659327   5.08800313  5.04374512  2.83382679  6.19797673  8.25956306  6.19106361] NOT OK
9.  [-0.5  0.63078494  2.86935542  9.39693311  5.12249254  4.99830222  1.78042323  5.19329726  8.30483237  7.20357892] NOT OK
10. [ 2.89234529 -0.32663051  3.95249696  7.17612309  8.20744847  1.76550373  0.80503563  6.0369421   9.5  4.99073525] OK

Jorge:
1.  [ 0.79789647  8.04466737 -0.29168492  6.04519171  3.99713502  3.98426489 6.05659963  5.08933048  9.5   1.77659935] OK
2.	[ 4.94332844 -0.20005769  2.85086095  8.14210896  6.01081809  1.8514003  1.87316088  7.13289404  9.5   2.89548603] OK
3.	[-0.2939373   2.93540149  0.74309609  6.08511592  3.9416927   5.01601984 8.13015993  7.15769123  9.5   1.78476009] OK
4.	[-0.24256343  1.81668282  0.78096015  8.09272759  3.98263767  5.0112675  7.0521791   6.12127109  9.5   2.88483751] OK
5.	[ 0.65696998  9.24607946 -0.5   7.33617727  5.1271325   3.97205925 1.72923742  6.27265501  8.40762615  2.75206296] NOT OK
6.	[ 0.85832068 -0.17553242  1.88030824  7.02563413  6.02429416  3.963777745.97186378  7.14824445  9.5    2.80308925] OK
7.	[ 1.88239659 -0.2594081   4.91573159  4.93399277  4.93749473  3.93310671 1.91922058  8.30311215  9.5   4.93435298] OK
8.	[ 0.85778243 -0.24408278  2.90456282  5.95606934  4.9438033   4.93174368 2.92993255  8.28766243  9.5   4.93252624] OK
9.	[ 0.79041698 -0.34738551  6.98760348  6.00344286  5.0320248   2.9348643  4.9744895   7.21899786  9.5   1.90554572] OK
10. [ 0.79041698 -0.34738551  6.98760348  6.00344286  5.0320248   2.9348643  4.9744895   7.21899786  9.5   1.90554572] OK

Forma 2
--------------------------------------------------------------------------------------------------------------------------------
Karolay:
1.  [ 1.69949706 -0.4596621   3.94185112  6.09008468  5.06499122  3.93644569  0.65156208  8.48698441  6.08824583  9.5] OK
2.  [ 1.75716229 -0.38303239  3.92737915  6.04016784  5.03079282  3.95301508  0.69843296  8.44435979  6.03172246  9.5] OK
3.  [ 1.72644595 -0.40209401  4.94003474  6.03269934  4.01932946  4.97402565  0.7070213   8.47237957  5.030158    9.5] OK
4.  [-0.363784    0.65649117  2.83006148  6.06081382  3.99371028  6.06365284  1.75357992  8.49944561  6.00602888  9.5] OK
5.  [ 1.81053764 -0.3898072   3.88332919  5.06492758  6.05443581  3.92184235  0.62179886  8.48400693  6.04892885  9.5] OK
6.  [ 1.83621364 -0.37512916  3.88305056  5.0377494   6.05871438  3.92010819  0.6383779   8.45459558  6.04631951  9.5] OK
7.  [ 1.85215824 -0.35175476  3.89104545  5.02892295  6.06017538  3.91254600  0.65816214  8.40984244  6.03890216  9.5] OK
8.  [ 1.81537634 -0.32266563  3.84780766  6.07133466  5.04046431  3.93088850  0.66273998  8.43189576  6.02215841  9.5] OK
9.  [ 1.78332907 -0.34237832  3.87914965  6.07184433  5.0212709   3.94745614  0.67928985  8.44620467  6.0138337   9.5] OK
10. [ 1.79095034 -0.33577683  3.88145629  6.06315742  5.0246227   3.94685792  0.68939339  8.42127595  6.01806282  9.5] OK

Carlos: 
1.  [-0.39101364  0.7001731   2.85345786  7.12689718  3.9556805   6.11912826  1.76254541  8.5  4.96507461  9.40805672] NOT OK
2.  [ 1.77870383 -0.42292418  3.92609716  6.04497744  5.01714142  2.90583786  0.70099824  8.44205983  7.10710841  9.5] OK
3.  [ 1.77460254 -0.40670508  3.90216958  6.04863587  5.0126097   2.91876115  0.7036083   8.44757974  7.0987382   9.5] OK
4.  [ 1.72250352 -0.38771187  3.86583478  6.08619618  3.99671536  4.94039547  0.72507509  8.45692034  6.09407112  9.5] OK
5.  [ 1.81149825 -0.39515953  3.89160777  4.96845006  6.01284951  2.94064036  0.73380847  8.40503696  7.13126816  9.5] OK
6.  [ 1.82766226 -0.35431045  3.8862124   6.02978171  5.0097909   2.90876623  0.72296839  8.3850322   7.08409637  9.5] OK
7.  [ 1.79392238 -0.33943086  3.86684507  6.04144871  4.99697625  3.93282388  0.74096202  8.3938018   6.07265073  9.5] OK
8.  [ 1.79643553 -0.33838244  3.86520532  6.04187286  4.99817858  3.93106927  0.73978279  8.3921731   6.07366499  9.5] OK
9.  [ 1.81486136 -0.39441258  3.9056071   6.04182908  5.02562705  3.94838985  0.6478454   8.44648384  6.0637689   9.5] OK
10. [ 1.83216623 -0.39668327  4.94533788  6.05613753  5.01886817  3.91782627  0.64974735  8.42358341  5.05301643  9.5] OK

Andrés:
1.  [ 1.82697883 -0.36120423  3.89870174  4.97445395  6.06732977  2.92439510  0.72043118  8.36490918  7.08400447  9.5] OK
2.  [ 2.84622066 -0.37376053  3.923068    4.97778492  6.08079695  1.89201258  0.70933703  8.35238812  7.09215229  9.5] OK
3.  [ 1.81928604 -0.34240058  3.8693319   4.9765815   6.07808513  2.93197922  0.72318787  8.36194275  7.08200616  9.5] OK
4.  [ 1.80273024 -0.3309505   2.85148038  4.97384475  6.07165915  4.95351878  0.73495082  8.35968942  6.08307697  9.5] OK
5.  [ 1.82097902 -0.32695898  3.85858092  4.98205529  6.07305034  2.93412340  0.73017313  8.34833835  7.07965853  9.5] OK
6.  [ 1.82785993 -0.33243007  3.86441399  4.98267022  6.0742699   2.93102436  0.72300526  8.3490798   7.08010661  9.5] OK
7.  [ 1.82204482 -0.34136721  3.87492348  4.97471631  6.07164294  2.93595919  0.72700221  8.35330511  7.08177315  9.5] OK
8.  [ 1.77000833 -0.31953856  2.84010817  4.9840868   6.0529768   4.98161180  0.74958538  8.37937266  6.06178863  9.5] OK
9.  [-0.28596423  0.71379142  2.78893445  5.00295805  5.03204491  6.02861898  1.77492202  8.40219987  6.04249456  9.5] OK
10. [-0.31806936  0.72989629  1.74951347  3.99907876  5.03340404  7.05757368  2.78181518  8.42065236  6.04613557  9.5] OK

Dayan:
1.  [ 1.70534383 -0.5  3.94394595  4.99372129  5.01862665  3.99069046  0.71212407  8.46858108  7.19620185  9.47076481] NOT OK
2.  [ 0.58190224 -0.47340206  2.85801351  5.02304354  3.96778843  7.09134637  1.7863614   8.5  6.1753153   9.48963127] NOT OK
3.  [ 2.89174881 -0.44438323  3.85436487  4.97056119  6.08060444  1.87958185  0.64701812  8.39839657  7.22210739  9.5] OK
4.  [ 1.79911198 -0.44918848  3.8286591   5.01147726  6.08219686  2.90432517  0.66141297  8.46944291  7.19256222  9.5] OK
5.  [ 2.83541414 -0.46421671  3.85340547  5.00174809  6.08724247  1.87971295  0.64596289  8.45383991  7.20689079  9.5] OK
6.  [ 1.80257732 -0.38810288  3.84573266  4.94340059  6.11461866  2.91270704  0.74211717  8.29703529  7.22991415  9.5] OK
7.  [ 4.00035452 -0.5  6.00709403  2.94807978  6.18071967  1.75580447  0.59496251  8.35634934  6.21608843  9.44054726] NOT OK
8.  [ 1.77680466 -0.49560666  3.87397223  4.97459416  6.1768803   2.9168205  0.61468621  8.4858508   7.17599779   9.5] OK
9.  [-0.39858114  0.69868182  1.6811448   4.04270913  5.07367741  7.08619439  2.74648542  8.48941269  6.08027546  9.5] OK
10. [ 2.84481768 -0.45396896  3.92124286  4.94646727  6.16051383  1.87905918  0.64878952  8.40751769  7.14556094  9.5] OK

Jorge:
1.  [-0.44841543  1.77428462  0.71313015  3.9578273   5.0075939   7.16225731 3.84375981  8.47209141  5.01747094  9.5 ] OK
2.  [ 1.72839639 -0.33281767  2.92090152  5.00969293  5.02141398  5.99341883 0.74580125  8.39893293  6.01425985  9.5 ] OK
3.	[ 0.71703026 -0.32510607  2.87299413  4.98792003  4.00255575  7.094025741.77841808  9.5    6.07709574  8.29506634] NOT OK
4.	[ 1.75410413 -0.32675522  5.97016315  3.94843589  6.04846296  3.99486279 0.76718031  8.32067882  5.02286717  9.5 ] OK
5.	[ 0.69782811 -0.32278248  2.91807844  3.93712416  5.07027263  7.03760545 1.77806333  8.32197563  6.06183474  9.5 ] OK
6.	[-0.5   5.04037787  0.63386577  2.91694301  1.91258056  7.33479902 6.09222181  9.34481204  3.95946423  8.26493568] NOT OK
7.  [ 1.7265072  -0.38292523  5.97332813  5.00105867  5.06673321  3.94753547 0.71473378  8.39385669  5.05917207  9.5 ] OK
8.	[ 1.78813927 -0.37888106  5.99748892  3.94439711  6.12312068  2.91832249 0.71363139  8.29791997  6.09586125  9.5 ] OK
9.	[-0.5   2.87927293  0.68690715  3.99072664  2.98151708  7.21877594 5.91581425  8.39222536  3.97121462  9.46354602] NOT OK
10. [-0.45278503  0.71558272  1.82722064  3.99009092  5.03140834  7.14401413 2.84847462  8.36751222  6.02848144  9.5 ] OK

-------------------------------------------------------------------------------------------------------------------------

Unknown
1.  [ 0.63754654  4.06854044 -0.5  1.92469507  5.1162397   6.04780154  5.02721553  6.08859471  9.36280363  7.22656284] OK A
2.  [ 0.65498874  6.08572782 -0.5  1.94253707  5.0682382   6.08299620  2.99796131  9.25516158  7.26091365  6.15147542] OK A
3.  [-0.5  0.68503213  2.98732167  3.99800133  1.87961762  8.36262403  6.07074607  9.38022199  5.05884297  7.07759218] OK B
4.  [-0.5  0.76857734  2.87997091  4.01342367  1.88660441  8.36815965  7.13003498  9.36631279  5.01726421  6.06965204] OK B
5.  [ 2.86812903  0.71170573  1.8220981   4.90809107  6.15369777  4.98135173 -0.34338401  8.34493346  6.05337713  9.5] NOT OK C
6.  [ 3.92718569  0.71352787  1.82822337  4.9561217   7.18304591  2.88918007 -0.36940821  8.30108618  6.07103742  9.5] NOT OK C
7.  [-0.33455015  1.73122909  0.69953921  2.7996004   3.83500637  6.13950104  7.15877246  9.5  7.42327912  6.04762246] NOT OK D
8.  [-0.28784767  1.77541049  0.73561005  2.81495895  3.94663647  7.05621248  7.08397778  7.17501683  5.20002463  9.5] NOT OK D
9.  [-0.5  1.82343904  0.70861127  3.94237104  5.20436842  7.21755409  2.82555703  9.43292073  6.13412942  8.21104896] OK E
10. [-0.5  1.81388396  0.73662284  3.98105601  5.12753687  8.26775082  2.84993539  9.45686792  6.11185493  7.15449127] OK E